241 11
404
489
199
485
48
387
431
379
498
235
158
292
58
63
375
119
309
134
150
388
24
245
9
393
385
473
428
178
1
322
133
344
66
265
18
310
290
215
308
353
320
154
357
321
21
239
371
97
158
496
237
276
423
342
215
424
246
130
373
339
205
410
7
331
3
408
252
482
260
373
383
394
425
233
221
150
210
116
239
190
361
324
387
142
144
189
223
280
134
278
276
106
322
411
44
373
190
436
27
3
324
366
74
187
131
484
497
134
371
439
392
132
226
36
437
304
147
410
308
159
421
74
476
16
136
161
359
93
255
316
478
419
324
463
189
131
105
113
124
337
46
239
414
220
23
222
360
491
489
31
122
150
34
201
385
265
269
125
46
15
462
492
392
61
376
190
191
159
425
226
73
354
72
123
266
438
287
137
372
150
26
264
289
113
203
11
314
333
197
491
398
432
70
228
146
439
162
57
183
110
183
206
418
71
96
123
33
316
370
452
25
156
321
328
226
83
48
299
335
266
170
225
302
425
321
249
217
340
122
321
33
71
297
140
158
422
147
188
403
463
304
369
343
290
384
105
218
186
294
98
91
348
32
19
271
387
497
324
93
191
353
462
229
291
170
203
276
322
473
172
348
125
124
91
70
33
127
312
277
186
196
89
9
404
166
388
25
390
281
350
175
377
76
385
458
306
113
183
5
299
60
76
310
370
203
458
156
202
170
409
463
206
10
30
79
114
396
275
180
229
135
474
32
373
239
281
28
103
111
2
103
31
493
267
374
428
477
295
216
249
314
9
141
482
468
321
486
395
52
425
405
207
415
481
25
382
5
232
469
209
137
365
110
316
34
25
368
376
130
89
388
172
483
143
116
249
110
353
53
235
165
277
232
256
79
4
362
318
289
9
281
297
303
494
394
224
447
293
104
113
62
94
352
382
29
453
412
400
228
490
495
247
138
305
486
126
158
252
373
455
110
206
434
171
262
51
213
416
13
89
8
225
5
358
301
138
127
66
246
337
93
194
347
15
100
329
248
93
96
368
101
235
262
429
168
130
342
154
184
123
128
104
415
239
448
19
65
152
159
126
140
456
130
44
196
428
68
16
279
198
416
259
22
482
437
424
288
5
436
284
219
36
147
16
424
316
130
380
262
